
10832241 11586003 16428701 19962027 20854242 22023177 23734650 29788952 32181046 37954759
11543693 18020586 21340685 27089947 28803158 28910072 31474191 35026139 38495098 38712091
26116891 27400854 27697456 28426964 29668872 34063598 35297954 37890992 39151426 39207691
33724119 34514552 36924778 37974591 38626998 39391998


37455607 38310575 38334109 38403573 39003062 39075896 39087926 39090392 39098594 39120925


35163567 35505052 35681980 36357670 37102488 37947883 38014326 38244365 38262572 38999947

24981395 26525683 27872741 28273193 28303311 31841859 34305918 36793863 39069893 39617677

38689134
28325002


35453981 38897152
21504049 22552243 28545248 29566738 32100127 32255522 32278666 34552222 38001930 38037086
10755580 17028514 22735246 25936863 26362648 30308952 31447707 33058633 38345118 39543379
38244773 38363529 38886939 39088912 39112920 39119789 39121732 39177523 39515631 39522202
38127187
25973164 26972835
14984567 16814399 20012812 20496766 23550242 26998711 28780981 30949181 32486649 35228973

18651008 19337443 19589120 24955937 31372789 32868140 34080694 34165180 35382214 35906556
38712652 38733601 39003163 39028463 39033472 39172061 39269140 39434633 39444272 39615194
36280093 36478185 36591895 36635578 36753441 36814936 36965930 38156436 38558398 39347202
32203407 32590531 32960111 33061307 33753297 34319208 34423690 34688418 34905877 39064799
37143267 38316554 38419439 38565270 38599012 38692833 38972795 39080102 39098767 39128808

37282654 37458930 38218911 38309729 38368303 39342717 39460502 39462448 39664612 39775548
38590799

17204358 25528038 26650502 28114093 39476447
26992915
38070073 38255425 38310148 38549723 38690827 38885606 39313200 39398391 39398392 39507350
35052477 35487642 35741789 36148635 36928819 37377026 37545716 37705207 37761826 38703765
23088322 31472127 32183957 33678551 33681218 34206832 34884861 35131372 35163221 36929726
21819536
36602836 38444380 38608449 38636679 38680259 38957478 38961851 39433286 39665304 39673511
12829791 22640219 23760462 26936349 37803478

10831229 16650955 26709975 2794466 2862467 29166595 31937548 3551784 7008590 8993346
10098945 20028334 22725964 23095871 23774427 26516722 29368213 31671721 33821737 35203434

16737347 19375442 24069493 27824133 29295601 32196542 33926022 35448894 35609829 39103096
11599003 12759565 1517774 2332482 25802036 2682390 28683563 31679017 36791722 39211090
19222760 19888414 21736087 30869606 31908392 33017970 33018515 35124479 36592609 38750592
10420370 12940659 15666707 18672223 21766740 2622120 28126187 30779490 32421983 38618955
38244518 38391950 38423933 39276114 39352275 39526685 39612278 39699103 39752565 39757680
24413548 25189637 31482364 33253676 33884974 34030804 34639408 35042244 37739575 7858368
15953493 20821801 24807885 28061973 29358158 36521463 37075308 39080237 9511263 9613018
29594181 31683260 32658721 39445066 39552295

38326457 38409712 38504141 38554058 38556255 38722562 38838615 39059208 39126213 39488234
36471658 37474487 38246226 38315372 38339403 38429855 38995731 39075555 39091932 39108836

27040954 27040961 30979598 30981472 32942076 35234933 35989849 38440754 38820111 39453270
16945590 19413679 20536918 20632239 21747134 26206191 26827645 26873897 27634009 39766324

37850730 38193204 38247541 38338762 38608395 38634170 39105350 39125300 39209259 39746729

29050247
23806565 30064604
29049317 30237763 31760634 31782103 3323404 34046407 3531873 35465398 35536759 37127087
33241881 33248899 33449925 33673395 33824662 34931632 36595387 36899675 37570247 38110659
37540192 38500289 38908460 39278988 39341688 39393930 39489025 39510644 39510692 39537299
27888226 30532024 30905762 31034050 33626378 34021236 34199376 34638714 34686327 34957471

36462572 36716741 37963311 38505096 38775082 38818403 38982440 38985209 39220421 39424436
37458720 38394191 38401385 38412685 38432089 39001985 39078184 39103060 39114480 39418769
24741180 26641976 30408249 32721174 32759654 35923207 3722324 38150529 39037117 39661711
33316115 33400415 33517191 33683663 34219869 34424547 35102608 35118133 38772922 38868763
33999497 34467641 35322197 36125893 36509081 36551603 36675114 37898636 37952322 38955087
37231262 37551061 38166251 38306431 38331707 38345257 38382459 38405868 38416845 39761175
33015749 35400378 36106279 37138944 37417359 38160332 39062546 39219017 39398745 39482349



32725160
23962019 32823350 32952813 38737801 39568993 39649919 4288917 6377440 7587027 8444210
35744764 36114449 36517529 36771360 36937254 37196540 37893703 37927652 38375835 38879179
25492913 25886914 28357377 28637523 28979921 29664545 30327896 31210732 34730835 35222300
